'''this is a pre_traversal of a 10 depth full binary tree, we can use
this to rebuild the tree.
format:
node.depth node.label node.size
[all elements ids in this node]
'''

1 1 850
[12, 665, 31, 168, 416, 393, 749, 67, 124, 485, 363, 565, 718, 277, 128, 122, 586, 390, 102, 120, 421, 676, 639, 150, 734, 114, 739, 195, 849, 480, 226, 409, 704, 793, 498, 13, 77, 474, 518, 552, 371, 53, 583, 372, 360, 468, 528, 229, 800, 726, 688, 347, 554, 41, 202, 511, 231, 57, 143, 850, 125, 90, 776, 733, 145, 445, 278, 460, 463, 757, 763, 104, 667, 819, 345, 253, 477, 164, 613, 6, 701, 322, 2, 536, 110, 388, 719, 594, 84, 284, 117, 387, 581, 285, 424, 791, 199, 258, 774, 412, 38, 627, 479, 465, 280, 787, 364, 732, 522, 151, 698, 598, 814, 759, 490, 375, 303, 296, 294, 152, 747, 408, 748, 339, 647, 783, 1, 146, 605, 82, 389, 690, 259, 273, 731, 781, 381, 357, 846, 478, 775, 755, 601, 140, 354, 289, 65, 521, 15, 213, 417, 743, 251, 532, 709, 837, 801, 593, 269, 80, 352, 555, 44, 35, 650, 341, 196, 309, 829, 276, 43, 73, 116, 699, 685, 177, 457, 320, 323, 724, 205, 590, 298, 798, 624, 170, 842, 238, 32, 661, 476, 592, 547, 208, 20, 610, 239, 346, 668, 173, 154, 765, 654, 761, 411, 742, 370, 290, 549, 4, 212, 413, 353, 176, 492, 401, 729, 576, 803, 571, 265, 103, 790, 663, 46, 591, 91, 133, 687, 617, 332, 147, 223, 808, 268, 61, 312, 141, 438, 792, 597, 274, 577, 557, 112, 682, 219, 222, 527, 270, 450, 500, 11, 264, 826, 710, 794, 200, 392, 288, 769, 254, 607, 193, 69, 47, 470, 131, 194, 85, 674, 599, 60, 697, 461, 730, 234, 483, 351, 436, 695, 728, 838, 452, 684, 451, 538, 109, 614, 236, 641, 472, 306, 21, 745, 750, 39, 493, 559, 105, 300, 541, 336, 100, 230, 606, 319, 89, 349, 98, 22, 324, 153, 155, 502, 693, 621, 215, 771, 118, 165, 139, 454, 642, 16, 659, 192, 220, 74, 307, 293, 399, 822, 564, 458, 310, 247, 670, 439, 156, 190, 359, 517, 811, 365, 649, 432, 68, 795, 582, 218, 751, 834, 455, 93, 645, 713, 447, 186, 58, 644, 426, 584, 648, 59, 722, 182, 211, 321, 54, 539, 820, 821, 525, 374, 768, 330, 707, 435, 350, 383, 430, 217, 673, 471, 780, 503, 658, 847, 575, 600, 652, 817, 204, 198, 187, 40, 840, 5, 572, 9, 86, 810, 271, 738, 534, 643, 666, 786, 25, 603, 119, 171, 175, 8, 184, 442, 287, 331, 92, 266, 262, 567, 686, 26, 197, 494, 807, 634, 382, 753, 789, 825, 622, 694, 185, 475, 504, 423, 832, 609, 615, 752, 702, 376, 10, 159, 678, 510, 329, 261, 662, 725, 378, 681, 403, 181, 282, 512, 481, 779, 95, 419, 101, 398, 563, 550, 314, 56, 342, 248, 410, 812, 782, 402, 831, 692, 17, 546, 848, 620, 473, 827, 433, 631, 531, 604, 166, 770, 772, 358, 149, 377, 459, 129, 343, 784, 705, 680, 429, 291, 543, 727, 225, 843, 97, 295, 744, 441, 462, 696, 297, 456, 573, 134, 250, 630, 655, 115, 30, 712, 55, 587, 337, 315, 326, 76, 292, 626, 754, 33, 566, 585, 241, 70, 19, 71, 778, 545, 48, 446, 760, 232, 491, 260, 637, 506, 23, 815, 121, 327, 526, 418, 369, 766, 537, 489, 180, 275, 135, 562, 317, 66, 516, 437, 839, 431, 427, 708, 127, 595, 625, 507, 7, 544, 464, 487, 797, 207, 835, 529, 756, 569, 62, 589, 802, 588, 107, 623, 619, 469, 397, 561, 415, 172, 87, 664, 169, 675, 653, 558, 99, 355, 64, 311, 551, 720, 113, 138, 111, 328, 519, 818, 356, 126, 160, 683, 45, 804, 157, 252, 49, 137, 629, 596, 142, 443, 636, 809, 836, 578, 83, 466, 221, 679, 189, 249, 548, 640, 305, 299, 669, 635, 174, 484, 316, 136, 530, 301, 81, 796, 520, 96, 524, 735, 255, 405, 611, 721, 440, 737, 242, 37, 805, 302, 334, 3, 515, 638, 714, 188, 700, 689, 560, 209, 318, 422, 88, 486, 618, 233, 767, 348, 201, 773, 94, 161, 163, 28, 395, 407, 240, 514, 741, 367, 616, 508, 535, 736, 717, 144, 72, 206, 361, 612, 672, 366, 813, 52, 14, 214, 414, 380, 34, 257, 651, 806, 764, 333, 505, 499, 36, 799, 444, 830, 841, 428, 245, 335, 63, 657, 448, 671, 762, 246, 628, 434, 108, 148, 533, 406, 79, 313, 716, 845, 338, 632, 368, 227, 228, 420, 179, 823, 711, 488, 785, 191, 281, 373, 344, 244, 279, 210, 325, 123, 677, 29, 267, 162, 579, 540, 224, 788, 51, 542, 24, 746, 824, 308, 482, 715, 509, 703, 243, 602, 263, 216, 391, 272, 256, 384, 379, 386, 304, 167, 553, 816, 362, 844, 660, 453, 130, 183, 691, 828, 646, 178, 740, 501, 237, 396, 404, 758, 235, 42, 158, 106, 497, 523, 18, 78, 132, 340, 75, 656, 633, 706, 574, 400, 449, 513, 556, 286, 496, 608, 568, 570, 50, 467, 777, 394, 723, 833, 385, 580, 27, 495, 283, 425, 203]
2 1 689
[12, 665, 31, 168, 416, 393, 749, 67, 124, 485, 363, 565, 718, 277, 128, 122, 586, 390, 102, 120, 421, 676, 639, 150, 734, 114, 739, 195, 849, 480, 226, 409, 704, 793, 498, 13, 77, 474, 518, 552, 371, 53, 583, 372, 360, 468, 528, 229, 800, 726, 688, 347, 554, 41, 202, 511, 231, 57, 143, 850, 125, 90, 776, 733, 145, 445, 278, 460, 463, 757, 763, 104, 667, 819, 345, 253, 477, 164, 613, 6, 701, 322, 2, 536, 110, 388, 719, 594, 84, 284, 117, 387, 581, 285, 424, 791, 199, 258, 774, 412, 38, 627, 479, 465, 280, 787, 364, 732, 522, 151, 698, 598, 814, 759, 490, 375, 303, 296, 294, 152, 747, 408, 748, 339, 647, 783, 1, 146, 605, 82, 389, 690, 259, 273, 731, 781, 381, 357, 846, 478, 775, 755, 601, 140, 354, 289, 65, 521, 15, 213, 417, 743, 251, 532, 709, 837, 801, 593, 269, 80, 352, 555, 44, 35, 650, 341, 196, 309, 829, 276, 43, 73, 116, 699, 685, 177, 457, 320, 323, 724, 205, 590, 298, 798, 624, 170, 842, 238, 32, 661, 476, 592, 547, 208, 20, 610, 239, 346, 668, 173, 154, 765, 654, 761, 411, 742, 370, 290, 549, 4, 212, 413, 353, 176, 492, 401, 729, 576, 803, 571, 265, 103, 790, 663, 46, 591, 91, 133, 687, 617, 332, 147, 223, 808, 268, 61, 312, 141, 438, 792, 597, 274, 577, 557, 112, 682, 219, 222, 527, 270, 450, 500, 11, 264, 826, 710, 794, 200, 392, 288, 769, 254, 607, 193, 69, 47, 470, 131, 194, 85, 674, 599, 60, 697, 461, 730, 234, 483, 351, 436, 695, 728, 838, 452, 684, 451, 538, 109, 614, 236, 641, 472, 306, 21, 745, 750, 39, 493, 559, 105, 300, 541, 336, 100, 230, 606, 319, 89, 349, 98, 22, 324, 153, 155, 502, 693, 621, 215, 771, 118, 165, 139, 454, 642, 16, 659, 192, 220, 74, 307, 293, 399, 822, 564, 458, 310, 247, 670, 439, 156, 190, 359, 517, 811, 365, 649, 432, 68, 795, 582, 218, 751, 834, 455, 93, 645, 713, 447, 186, 58, 644, 426, 584, 648, 59, 722, 182, 211, 321, 54, 539, 820, 821, 525, 374, 768, 330, 707, 435, 350, 383, 430, 217, 673, 471, 780, 503, 658, 847, 575, 600, 652, 817, 204, 198, 187, 40, 840, 5, 572, 9, 86, 810, 271, 738, 534, 643, 666, 786, 25, 603, 119, 171, 175, 8, 184, 442, 287, 331, 92, 266, 262, 567, 686, 26, 197, 494, 807, 634, 382, 753, 789, 825, 622, 694, 185, 475, 504, 423, 832, 609, 615, 752, 702, 376, 10, 159, 678, 510, 329, 261, 662, 725, 378, 681, 403, 181, 282, 512, 481, 779, 95, 419, 101, 398, 563, 550, 314, 56, 342, 248, 410, 812, 782, 402, 831, 692, 17, 546, 848, 620, 473, 827, 433, 631, 531, 604, 166, 770, 772, 358, 149, 377, 459, 129, 343, 784, 705, 680, 429, 291, 543, 727, 225, 843, 97, 295, 744, 441, 462, 696, 297, 456, 573, 134, 250, 630, 655, 115, 30, 712, 55, 587, 337, 315, 326, 76, 292, 626, 754, 33, 566, 585, 241, 70, 19, 71, 778, 545, 48, 446, 760, 232, 491, 260, 637, 506, 23, 815, 121, 327, 526, 418, 369, 766, 537, 489, 180, 275, 135, 562, 317, 66, 516, 437, 839, 431, 427, 708, 127, 595, 625, 507, 7, 544, 464, 487, 797, 207, 835, 529, 756, 569, 62, 589, 802, 588, 107, 623, 619, 469, 397, 561, 415, 172, 87, 664, 169, 675, 653, 558, 99, 355, 64, 311, 551, 720, 113, 138, 111, 328, 519, 818, 356, 126, 160, 683, 45, 804, 157, 252, 49, 137, 629, 596, 142, 443, 636, 809, 836, 578, 83, 466, 221, 679, 189, 249, 548, 640, 305, 299, 669, 635, 174, 484, 316, 136, 530, 301, 81, 796, 520, 96, 524, 735, 255, 405, 611, 721, 440, 737, 242, 37, 805, 302, 334, 3, 515, 638, 714, 188, 700, 689, 560, 209, 318, 422, 88, 486, 618, 233, 767, 348, 201, 773, 94, 161, 163, 28]
3 1 443
[12, 665, 31, 168, 416, 393, 749, 67, 124, 485, 363, 565, 718, 277, 128, 122, 586, 390, 102, 120, 421, 676, 639, 150, 734, 114, 739, 195, 849, 480, 226, 409, 704, 793, 498, 13, 77, 474, 518, 552, 371, 53, 583, 372, 360, 468, 528, 229, 800, 726, 688, 347, 554, 41, 202, 511, 231, 57, 143, 850, 125, 90, 776, 733, 145, 445, 278, 460, 463, 757, 763, 104, 667, 819, 345, 253, 477, 164, 613, 6, 701, 322, 2, 536, 110, 388, 719, 594, 84, 284, 117, 387, 581, 285, 424, 791, 199, 258, 774, 412, 38, 627, 479, 465, 280, 787, 364, 732, 522, 151, 698, 598, 814, 759, 490, 375, 303, 296, 294, 152, 747, 408, 748, 339, 647, 783, 1, 146, 605, 82, 389, 690, 259, 273, 731, 781, 381, 357, 846, 478, 775, 755, 601, 140, 354, 289, 65, 521, 15, 213, 417, 743, 251, 532, 709, 837, 801, 593, 269, 80, 352, 555, 44, 35, 650, 341, 196, 309, 829, 276, 43, 73, 116, 699, 685, 177, 457, 320, 323, 724, 205, 590, 298, 798, 624, 170, 842, 238, 32, 661, 476, 592, 547, 208, 20, 610, 239, 346, 668, 173, 154, 765, 654, 761, 411, 742, 370, 290, 549, 4, 212, 413, 353, 176, 492, 401, 729, 576, 803, 571, 265, 103, 790, 663, 46, 591, 91, 133, 687, 617, 332, 147, 223, 808, 268, 61, 312, 141, 438, 792, 597, 274, 577, 557, 112, 682, 219, 222, 527, 270, 450, 500, 11, 264, 826, 710, 794, 200, 392, 288, 769, 254, 607, 193, 69, 47, 470, 131, 194, 85, 674, 599, 60, 697, 461, 730, 234, 483, 351, 436, 695, 728, 838, 452, 684, 451, 538, 109, 614, 236, 641, 472, 306, 21, 745, 750, 39, 493, 559, 105, 300, 541, 336, 100, 230, 606, 319, 89, 349, 98, 22, 324, 153, 155, 502, 693, 621, 215, 771, 118, 165, 139, 454, 642, 16, 659, 192, 220, 74, 307, 293, 399, 822, 564, 458, 310, 247, 670, 439, 156, 190, 359, 517, 811, 365, 649, 432, 68, 795, 582, 218, 751, 834, 455, 93, 645, 713, 447, 186, 58, 644, 426, 584, 648, 59, 722, 182, 211, 321, 54, 539, 820, 821, 525, 374, 768, 330, 707, 435, 350, 383, 430, 217, 673, 471, 780, 503, 658, 847, 575, 600, 652, 817, 204, 198, 187, 40, 840, 5, 572, 9, 86, 810, 271, 738, 534, 643, 666, 786, 25, 603, 119, 171, 175, 8, 184, 442, 287, 331, 92, 266, 262, 567, 686, 26, 197, 494, 807, 634, 382, 753, 789, 825, 622, 694, 185, 475, 504, 423, 832, 609, 615, 752]
4 1 262
[12, 665, 31, 168, 416, 393, 749, 67, 124, 485, 363, 565, 718, 277, 128, 122, 586, 390, 102, 120, 421, 676, 639, 150, 734, 114, 739, 195, 849, 480, 226, 409, 704, 793, 498, 13, 77, 474, 518, 552, 371, 53, 583, 372, 360, 468, 528, 229, 800, 726, 688, 347, 554, 41, 202, 511, 231, 57, 143, 850, 125, 90, 776, 733, 145, 445, 278, 460, 463, 757, 763, 104, 667, 819, 345, 253, 477, 164, 613, 6, 701, 322, 2, 536, 110, 388, 719, 594, 84, 284, 117, 387, 581, 285, 424, 791, 199, 258, 774, 412, 38, 627, 479, 465, 280, 787, 364, 732, 522, 151, 698, 598, 814, 759, 490, 375, 303, 296, 294, 152, 747, 408, 748, 339, 647, 783, 1, 146, 605, 82, 389, 690, 259, 273, 731, 781, 381, 357, 846, 478, 775, 755, 601, 140, 354, 289, 65, 521, 15, 213, 417, 743, 251, 532, 709, 837, 801, 593, 269, 80, 352, 555, 44, 35, 650, 341, 196, 309, 829, 276, 43, 73, 116, 699, 685, 177, 457, 320, 323, 724, 205, 590, 298, 798, 624, 170, 842, 238, 32, 661, 476, 592, 547, 208, 20, 610, 239, 346, 668, 173, 154, 765, 654, 761, 411, 742, 370, 290, 549, 4, 212, 413, 353, 176, 492, 401, 729, 576, 803, 571, 265, 103, 790, 663, 46, 591, 91, 133, 687, 617, 332, 147, 223, 808, 268, 61, 312, 141, 438, 792, 597, 274, 577, 557, 112, 682, 219, 222, 527, 270, 450, 500, 11, 264, 826, 710, 794, 200, 392, 288, 769, 254]
5 1 141
[12, 665, 31, 168, 416, 393, 749, 67, 124, 485, 363, 565, 718, 277, 128, 122, 586, 390, 102, 120, 421, 676, 639, 150, 734, 114, 739, 195, 849, 480, 226, 409, 704, 793, 498, 13, 77, 474, 518, 552, 371, 53, 583, 372, 360, 468, 528, 229, 800, 726, 688, 347, 554, 41, 202, 511, 231, 57, 143, 850, 125, 90, 776, 733, 145, 445, 278, 460, 463, 757, 763, 104, 667, 819, 345, 253, 477, 164, 613, 6, 701, 322, 2, 536, 110, 388, 719, 594, 84, 284, 117, 387, 581, 285, 424, 791, 199, 258, 774, 412, 38, 627, 479, 465, 280, 787, 364, 732, 522, 151, 698, 598, 814, 759, 490, 375, 303, 296, 294, 152, 747, 408, 748, 339, 647, 783, 1, 146, 605, 82, 389, 690, 259, 273, 731, 781, 381, 357, 846, 478, 775]
6 1 140
[12, 665, 31, 168, 416, 393, 749, 67, 124, 485, 363, 565, 718, 277, 128, 122, 586, 390, 102, 120, 421, 676, 639, 150, 734, 114, 739, 195, 849, 480, 226, 409, 704, 793, 498, 13, 77, 474, 518, 552, 371, 53, 583, 372, 360, 468, 528, 229, 800, 726, 688, 347, 554, 41, 202, 511, 231, 57, 143, 850, 125, 90, 776, 733, 145, 445, 278, 460, 463, 757, 763, 104, 667, 819, 345, 253, 477, 164, 613, 6, 701, 322, 2, 536, 110, 388, 719, 594, 84, 284, 117, 387, 581, 285, 424, 791, 199, 258, 774, 412, 38, 627, 479, 465, 280, 787, 364, 732, 522, 151, 698, 598, 814, 759, 490, 375, 303, 296, 294, 152, 747, 408, 748, 339, 647, 783, 1, 146, 605, 82, 389, 690, 259, 273, 731, 781, 381, 357, 846, 478]
7 1 139
[12, 665, 31, 168, 416, 393, 749, 67, 124, 485, 363, 565, 718, 277, 128, 122, 586, 390, 102, 120, 421, 676, 639, 150, 734, 114, 739, 195, 849, 480, 226, 409, 704, 793, 498, 13, 77, 474, 518, 552, 371, 53, 583, 372, 360, 468, 528, 229, 800, 726, 688, 347, 554, 41, 202, 511, 231, 57, 143, 850, 125, 90, 776, 733, 145, 445, 278, 460, 463, 757, 763, 104, 667, 819, 345, 253, 477, 164, 613, 6, 701, 322, 2, 536, 110, 388, 719, 594, 84, 284, 117, 387, 581, 285, 424, 791, 199, 258, 774, 412, 38, 627, 479, 465, 280, 787, 364, 732, 522, 151, 698, 598, 814, 759, 490, 375, 303, 296, 294, 152, 747, 408, 748, 339, 647, 783, 1, 146, 605, 82, 389, 690, 259, 273, 731, 781, 381, 357, 846]
8 1 138
[12, 665, 31, 168, 416, 393, 749, 67, 124, 485, 363, 565, 718, 277, 128, 122, 586, 390, 102, 120, 421, 676, 639, 150, 734, 114, 739, 195, 849, 480, 226, 409, 704, 793, 498, 13, 77, 474, 518, 552, 371, 53, 583, 372, 360, 468, 528, 229, 800, 726, 688, 347, 554, 41, 202, 511, 231, 57, 143, 850, 125, 90, 776, 733, 145, 445, 278, 460, 463, 757, 763, 104, 667, 819, 345, 253, 477, 164, 613, 6, 701, 322, 2, 536, 110, 388, 719, 594, 84, 284, 117, 387, 581, 285, 424, 791, 199, 258, 774, 412, 38, 627, 479, 465, 280, 787, 364, 732, 522, 151, 698, 598, 814, 759, 490, 375, 303, 296, 294, 152, 747, 408, 748, 339, 647, 783, 1, 146, 605, 82, 389, 690, 259, 273, 731, 781, 381, 357]
9 1 137
[12, 665, 31, 168, 416, 393, 749, 67, 124, 485, 363, 565, 718, 277, 128, 122, 586, 390, 102, 120, 421, 676, 639, 150, 734, 114, 739, 195, 849, 480, 226, 409, 704, 793, 498, 13, 77, 474, 518, 552, 371, 53, 583, 372, 360, 468, 528, 229, 800, 726, 688, 347, 554, 41, 202, 511, 231, 57, 143, 850, 125, 90, 776, 733, 145, 445, 278, 460, 463, 757, 763, 104, 667, 819, 345, 253, 477, 164, 613, 6, 701, 322, 2, 536, 110, 388, 719, 594, 84, 284, 117, 387, 581, 285, 424, 791, 199, 258, 774, 412, 38, 627, 479, 465, 280, 787, 364, 732, 522, 151, 698, 598, 814, 759, 490, 375, 303, 296, 294, 152, 747, 408, 748, 339, 647, 783, 1, 146, 605, 82, 389, 690, 259, 273, 731, 781, 381]
10 1 135
[12, 665, 31, 168, 416, 393, 749, 67, 124, 485, 363, 565, 718, 277, 128, 122, 586, 390, 102, 120, 421, 676, 639, 150, 734, 114, 739, 195, 849, 480, 226, 409, 704, 793, 498, 13, 77, 474, 518, 552, 371, 53, 583, 372, 360, 468, 528, 229, 800, 726, 688, 347, 554, 41, 202, 511, 231, 57, 143, 850, 125, 90, 776, 733, 145, 445, 278, 460, 463, 757, 763, 104, 667, 819, 345, 253, 477, 164, 613, 6, 701, 322, 2, 536, 110, 388, 719, 594, 84, 284, 117, 387, 581, 285, 424, 791, 199, 258, 774, 412, 38, 627, 479, 465, 280, 787, 364, 732, 522, 151, 698, 598, 814, 759, 490, 375, 303, 296, 294, 152, 747, 408, 748, 339, 647, 783, 1, 146, 605, 82, 389, 690, 259, 273, 731]
11 1 134
[12, 665, 31, 168, 416, 393, 749, 67, 124, 485, 363, 565, 718, 277, 128, 122, 586, 390, 102, 120, 421, 676, 639, 150, 734, 114, 739, 195, 849, 480, 226, 409, 704, 793, 498, 13, 77, 474, 518, 552, 371, 53, 583, 372, 360, 468, 528, 229, 800, 726, 688, 347, 554, 41, 202, 511, 231, 57, 143, 850, 125, 90, 776, 733, 145, 445, 278, 460, 463, 757, 763, 104, 667, 819, 345, 253, 477, 164, 613, 6, 701, 322, 2, 536, 110, 388, 719, 594, 84, 284, 117, 387, 581, 285, 424, 791, 199, 258, 774, 412, 38, 627, 479, 465, 280, 787, 364, 732, 522, 151, 698, 598, 814, 759, 490, 375, 303, 296, 294, 152, 747, 408, 748, 339, 647, 783, 1, 146, 605, 82, 389, 690, 259, 273]
11 731 1
[731]
10 381 2
[781, 381]
11 781 1
[781]
11 381 1
[381]
9 357 1
[357]
8 846 1
[846]
7 478 1
[478]
6 775 1
[775]
5 4 121
[755, 601, 140, 354, 289, 65, 521, 15, 213, 417, 743, 251, 532, 709, 837, 801, 593, 269, 80, 352, 555, 44, 35, 650, 341, 196, 309, 829, 276, 43, 73, 116, 699, 685, 177, 457, 320, 323, 724, 205, 590, 298, 798, 624, 170, 842, 238, 32, 661, 476, 592, 547, 208, 20, 610, 239, 346, 668, 173, 154, 765, 654, 761, 411, 742, 370, 290, 549, 4, 212, 413, 353, 176, 492, 401, 729, 576, 803, 571, 265, 103, 790, 663, 46, 591, 91, 133, 687, 617, 332, 147, 223, 808, 268, 61, 312, 141, 438, 792, 597, 274, 577, 557, 112, 682, 219, 222, 527, 270, 450, 500, 11, 264, 826, 710, 794, 200, 392, 288, 769, 254]
6 4 120
[755, 601, 140, 354, 289, 65, 521, 15, 213, 417, 743, 251, 532, 709, 837, 801, 593, 269, 80, 352, 555, 44, 35, 650, 341, 196, 309, 829, 276, 43, 73, 116, 699, 685, 177, 457, 320, 323, 724, 205, 590, 298, 798, 624, 170, 842, 238, 32, 661, 476, 592, 547, 208, 20, 610, 239, 346, 668, 173, 154, 765, 654, 761, 411, 742, 370, 290, 549, 4, 212, 413, 353, 176, 492, 401, 729, 576, 803, 571, 265, 103, 790, 663, 46, 591, 91, 133, 687, 617, 332, 147, 223, 808, 268, 61, 312, 141, 438, 792, 597, 274, 577, 557, 112, 682, 219, 222, 527, 270, 450, 500, 11, 264, 826, 710, 794, 200, 392, 288, 769]
7 4 119
[755, 601, 140, 354, 289, 65, 521, 15, 213, 417, 743, 251, 532, 709, 837, 801, 593, 269, 80, 352, 555, 44, 35, 650, 341, 196, 309, 829, 276, 43, 73, 116, 699, 685, 177, 457, 320, 323, 724, 205, 590, 298, 798, 624, 170, 842, 238, 32, 661, 476, 592, 547, 208, 20, 610, 239, 346, 668, 173, 154, 765, 654, 761, 411, 742, 370, 290, 549, 4, 212, 413, 353, 176, 492, 401, 729, 576, 803, 571, 265, 103, 790, 663, 46, 591, 91, 133, 687, 617, 332, 147, 223, 808, 268, 61, 312, 141, 438, 792, 597, 274, 577, 557, 112, 682, 219, 222, 527, 270, 450, 500, 11, 264, 826, 710, 794, 200, 392, 288]
8 4 118
[755, 601, 140, 354, 289, 65, 521, 15, 213, 417, 743, 251, 532, 709, 837, 801, 593, 269, 80, 352, 555, 44, 35, 650, 341, 196, 309, 829, 276, 43, 73, 116, 699, 685, 177, 457, 320, 323, 724, 205, 590, 298, 798, 624, 170, 842, 238, 32, 661, 476, 592, 547, 208, 20, 610, 239, 346, 668, 173, 154, 765, 654, 761, 411, 742, 370, 290, 549, 4, 212, 413, 353, 176, 492, 401, 729, 576, 803, 571, 265, 103, 790, 663, 46, 591, 91, 133, 687, 617, 332, 147, 223, 808, 268, 61, 312, 141, 438, 792, 597, 274, 577, 557, 112, 682, 219, 222, 527, 270, 450, 500, 11, 264, 826, 710, 794, 200, 392]
9 4 117
[755, 601, 140, 354, 289, 65, 521, 15, 213, 417, 743, 251, 532, 709, 837, 801, 593, 269, 80, 352, 555, 44, 35, 650, 341, 196, 309, 829, 276, 43, 73, 116, 699, 685, 177, 457, 320, 323, 724, 205, 590, 298, 798, 624, 170, 842, 238, 32, 661, 476, 592, 547, 208, 20, 610, 239, 346, 668, 173, 154, 765, 654, 761, 411, 742, 370, 290, 549, 4, 212, 413, 353, 176, 492, 401, 729, 576, 803, 571, 265, 103, 790, 663, 46, 591, 91, 133, 687, 617, 332, 147, 223, 808, 268, 61, 312, 141, 438, 792, 597, 274, 577, 557, 112, 682, 219, 222, 527, 270, 450, 500, 11, 264, 826, 710, 794, 200]
10 4 116
[755, 601, 140, 354, 289, 65, 521, 15, 213, 417, 743, 251, 532, 709, 837, 801, 593, 269, 80, 352, 555, 44, 35, 650, 341, 196, 309, 829, 276, 43, 73, 116, 699, 685, 177, 457, 320, 323, 724, 205, 590, 298, 798, 624, 170, 842, 238, 32, 661, 476, 592, 547, 208, 20, 610, 239, 346, 668, 173, 154, 765, 654, 761, 411, 742, 370, 290, 549, 4, 212, 413, 353, 176, 492, 401, 729, 576, 803, 571, 265, 103, 790, 663, 46, 591, 91, 133, 687, 617, 332, 147, 223, 808, 268, 61, 312, 141, 438, 792, 597, 274, 577, 557, 112, 682, 219, 222, 527, 270, 450, 500, 11, 264, 826, 710, 794]
11 4 115
[755, 601, 140, 354, 289, 65, 521, 15, 213, 417, 743, 251, 532, 709, 837, 801, 593, 269, 80, 352, 555, 44, 35, 650, 341, 196, 309, 829, 276, 43, 73, 116, 699, 685, 177, 457, 320, 323, 724, 205, 590, 298, 798, 624, 170, 842, 238, 32, 661, 476, 592, 547, 208, 20, 610, 239, 346, 668, 173, 154, 765, 654, 761, 411, 742, 370, 290, 549, 4, 212, 413, 353, 176, 492, 401, 729, 576, 803, 571, 265, 103, 790, 663, 46, 591, 91, 133, 687, 617, 332, 147, 223, 808, 268, 61, 312, 141, 438, 792, 597, 274, 577, 557, 112, 682, 219, 222, 527, 270, 450, 500, 11, 264, 826, 710]
11 794 1
[794]
10 200 1
[200]
9 392 1
[392]
8 288 1
[288]
7 769 1
[769]
6 254 1
[254]
4 5 181
[607, 193, 69, 47, 470, 131, 194, 85, 674, 599, 60, 697, 461, 730, 234, 483, 351, 436, 695, 728, 838, 452, 684, 451, 538, 109, 614, 236, 641, 472, 306, 21, 745, 750, 39, 493, 559, 105, 300, 541, 336, 100, 230, 606, 319, 89, 349, 98, 22, 324, 153, 155, 502, 693, 621, 215, 771, 118, 165, 139, 454, 642, 16, 659, 192, 220, 74, 307, 293, 399, 822, 564, 458, 310, 247, 670, 439, 156, 190, 359, 517, 811, 365, 649, 432, 68, 795, 582, 218, 751, 834, 455, 93, 645, 713, 447, 186, 58, 644, 426, 584, 648, 59, 722, 182, 211, 321, 54, 539, 820, 821, 525, 374, 768, 330, 707, 435, 350, 383, 430, 217, 673, 471, 780, 503, 658, 847, 575, 600, 652, 817, 204, 198, 187, 40, 840, 5, 572, 9, 86, 810, 271, 738, 534, 643, 666, 786, 25, 603, 119, 171, 175, 8, 184, 442, 287, 331, 92, 266, 262, 567, 686, 26, 197, 494, 807, 634, 382, 753, 789, 825, 622, 694, 185, 475, 504, 423, 832, 609, 615, 752]
5 5 180
[607, 193, 69, 47, 470, 131, 194, 85, 674, 599, 60, 697, 461, 730, 234, 483, 351, 436, 695, 728, 838, 452, 684, 451, 538, 109, 614, 236, 641, 472, 306, 21, 745, 750, 39, 493, 559, 105, 300, 541, 336, 100, 230, 606, 319, 89, 349, 98, 22, 324, 153, 155, 502, 693, 621, 215, 771, 118, 165, 139, 454, 642, 16, 659, 192, 220, 74, 307, 293, 399, 822, 564, 458, 310, 247, 670, 439, 156, 190, 359, 517, 811, 365, 649, 432, 68, 795, 582, 218, 751, 834, 455, 93, 645, 713, 447, 186, 58, 644, 426, 584, 648, 59, 722, 182, 211, 321, 54, 539, 820, 821, 525, 374, 768, 330, 707, 435, 350, 383, 430, 217, 673, 471, 780, 503, 658, 847, 575, 600, 652, 817, 204, 198, 187, 40, 840, 5, 572, 9, 86, 810, 271, 738, 534, 643, 666, 786, 25, 603, 119, 171, 175, 8, 184, 442, 287, 331, 92, 266, 262, 567, 686, 26, 197, 494, 807, 634, 382, 753, 789, 825, 622, 694, 185, 475, 504, 423, 832, 609, 615]
6 5 179
[607, 193, 69, 47, 470, 131, 194, 85, 674, 599, 60, 697, 461, 730, 234, 483, 351, 436, 695, 728, 838, 452, 684, 451, 538, 109, 614, 236, 641, 472, 306, 21, 745, 750, 39, 493, 559, 105, 300, 541, 336, 100, 230, 606, 319, 89, 349, 98, 22, 324, 153, 155, 502, 693, 621, 215, 771, 118, 165, 139, 454, 642, 16, 659, 192, 220, 74, 307, 293, 399, 822, 564, 458, 310, 247, 670, 439, 156, 190, 359, 517, 811, 365, 649, 432, 68, 795, 582, 218, 751, 834, 455, 93, 645, 713, 447, 186, 58, 644, 426, 584, 648, 59, 722, 182, 211, 321, 54, 539, 820, 821, 525, 374, 768, 330, 707, 435, 350, 383, 430, 217, 673, 471, 780, 503, 658, 847, 575, 600, 652, 817, 204, 198, 187, 40, 840, 5, 572, 9, 86, 810, 271, 738, 534, 643, 666, 786, 25, 603, 119, 171, 175, 8, 184, 442, 287, 331, 92, 266, 262, 567, 686, 26, 197, 494, 807, 634, 382, 753, 789, 825, 622, 694, 185, 475, 504, 423, 832, 609]
7 5 178
[607, 193, 69, 47, 470, 131, 194, 85, 674, 599, 60, 697, 461, 730, 234, 483, 351, 436, 695, 728, 838, 452, 684, 451, 538, 109, 614, 236, 641, 472, 306, 21, 745, 750, 39, 493, 559, 105, 300, 541, 336, 100, 230, 606, 319, 89, 349, 98, 22, 324, 153, 155, 502, 693, 621, 215, 771, 118, 165, 139, 454, 642, 16, 659, 192, 220, 74, 307, 293, 399, 822, 564, 458, 310, 247, 670, 439, 156, 190, 359, 517, 811, 365, 649, 432, 68, 795, 582, 218, 751, 834, 455, 93, 645, 713, 447, 186, 58, 644, 426, 584, 648, 59, 722, 182, 211, 321, 54, 539, 820, 821, 525, 374, 768, 330, 707, 435, 350, 383, 430, 217, 673, 471, 780, 503, 658, 847, 575, 600, 652, 817, 204, 198, 187, 40, 840, 5, 572, 9, 86, 810, 271, 738, 534, 643, 666, 786, 25, 603, 119, 171, 175, 8, 184, 442, 287, 331, 92, 266, 262, 567, 686, 26, 197, 494, 807, 634, 382, 753, 789, 825, 622, 694, 185, 475, 504, 423, 832]
8 5 177
[607, 193, 69, 47, 470, 131, 194, 85, 674, 599, 60, 697, 461, 730, 234, 483, 351, 436, 695, 728, 838, 452, 684, 451, 538, 109, 614, 236, 641, 472, 306, 21, 745, 750, 39, 493, 559, 105, 300, 541, 336, 100, 230, 606, 319, 89, 349, 98, 22, 324, 153, 155, 502, 693, 621, 215, 771, 118, 165, 139, 454, 642, 16, 659, 192, 220, 74, 307, 293, 399, 822, 564, 458, 310, 247, 670, 439, 156, 190, 359, 517, 811, 365, 649, 432, 68, 795, 582, 218, 751, 834, 455, 93, 645, 713, 447, 186, 58, 644, 426, 584, 648, 59, 722, 182, 211, 321, 54, 539, 820, 821, 525, 374, 768, 330, 707, 435, 350, 383, 430, 217, 673, 471, 780, 503, 658, 847, 575, 600, 652, 817, 204, 198, 187, 40, 840, 5, 572, 9, 86, 810, 271, 738, 534, 643, 666, 786, 25, 603, 119, 171, 175, 8, 184, 442, 287, 331, 92, 266, 262, 567, 686, 26, 197, 494, 807, 634, 382, 753, 789, 825, 622, 694, 185, 475, 504, 423]
9 5 176
[607, 193, 69, 47, 470, 131, 194, 85, 674, 599, 60, 697, 461, 730, 234, 483, 351, 436, 695, 728, 838, 452, 684, 451, 538, 109, 614, 236, 641, 472, 306, 21, 745, 750, 39, 493, 559, 105, 300, 541, 336, 100, 230, 606, 319, 89, 349, 98, 22, 324, 153, 155, 502, 693, 621, 215, 771, 118, 165, 139, 454, 642, 16, 659, 192, 220, 74, 307, 293, 399, 822, 564, 458, 310, 247, 670, 439, 156, 190, 359, 517, 811, 365, 649, 432, 68, 795, 582, 218, 751, 834, 455, 93, 645, 713, 447, 186, 58, 644, 426, 584, 648, 59, 722, 182, 211, 321, 54, 539, 820, 821, 525, 374, 768, 330, 707, 435, 350, 383, 430, 217, 673, 471, 780, 503, 658, 847, 575, 600, 652, 817, 204, 198, 187, 40, 840, 5, 572, 9, 86, 810, 271, 738, 534, 643, 666, 786, 25, 603, 119, 171, 175, 8, 184, 442, 287, 331, 92, 266, 262, 567, 686, 26, 197, 494, 807, 634, 382, 753, 789, 825, 622, 694, 185, 475, 504]
10 5 175
[607, 193, 69, 47, 470, 131, 194, 85, 674, 599, 60, 697, 461, 730, 234, 483, 351, 436, 695, 728, 838, 452, 684, 451, 538, 109, 614, 236, 641, 472, 306, 21, 745, 750, 39, 493, 559, 105, 300, 541, 336, 100, 230, 606, 319, 89, 349, 98, 22, 324, 153, 155, 502, 693, 621, 215, 771, 118, 165, 139, 454, 642, 16, 659, 192, 220, 74, 307, 293, 399, 822, 564, 458, 310, 247, 670, 439, 156, 190, 359, 517, 811, 365, 649, 432, 68, 795, 582, 218, 751, 834, 455, 93, 645, 713, 447, 186, 58, 644, 426, 584, 648, 59, 722, 182, 211, 321, 54, 539, 820, 821, 525, 374, 768, 330, 707, 435, 350, 383, 430, 217, 673, 471, 780, 503, 658, 847, 575, 600, 652, 817, 204, 198, 187, 40, 840, 5, 572, 9, 86, 810, 271, 738, 534, 643, 666, 786, 25, 603, 119, 171, 175, 8, 184, 442, 287, 331, 92, 266, 262, 567, 686, 26, 197, 494, 807, 634, 382, 753, 789, 825, 622, 694, 185, 475]
11 5 174
[607, 193, 69, 47, 470, 131, 194, 85, 674, 599, 60, 697, 461, 730, 234, 483, 351, 436, 695, 728, 838, 452, 684, 451, 538, 109, 614, 236, 641, 472, 306, 21, 745, 750, 39, 493, 559, 105, 300, 541, 336, 100, 230, 606, 319, 89, 349, 98, 22, 324, 153, 155, 502, 693, 621, 215, 771, 118, 165, 139, 454, 642, 16, 659, 192, 220, 74, 307, 293, 399, 822, 564, 458, 310, 247, 670, 439, 156, 190, 359, 517, 811, 365, 649, 432, 68, 795, 582, 218, 751, 834, 455, 93, 645, 713, 447, 186, 58, 644, 426, 584, 648, 59, 722, 182, 211, 321, 54, 539, 820, 821, 525, 374, 768, 330, 707, 435, 350, 383, 430, 217, 673, 471, 780, 503, 658, 847, 575, 600, 652, 817, 204, 198, 187, 40, 840, 5, 572, 9, 86, 810, 271, 738, 534, 643, 666, 786, 25, 603, 119, 171, 175, 8, 184, 442, 287, 331, 92, 266, 262, 567, 686, 26, 197, 494, 807, 634, 382, 753, 789, 825, 622, 694, 185]
11 475 1
[475]
10 504 1
[504]
9 423 1
[423]
8 832 1
[832]
7 609 1
[609]
6 615 1
[615]
5 752 1
[752]
3 3 246
[702, 376, 10, 159, 678, 510, 329, 261, 662, 725, 378, 681, 403, 181, 282, 512, 481, 779, 95, 419, 101, 398, 563, 550, 314, 56, 342, 248, 410, 812, 782, 402, 831, 692, 17, 546, 848, 620, 473, 827, 433, 631, 531, 604, 166, 770, 772, 358, 149, 377, 459, 129, 343, 784, 705, 680, 429, 291, 543, 727, 225, 843, 97, 295, 744, 441, 462, 696, 297, 456, 573, 134, 250, 630, 655, 115, 30, 712, 55, 587, 337, 315, 326, 76, 292, 626, 754, 33, 566, 585, 241, 70, 19, 71, 778, 545, 48, 446, 760, 232, 491, 260, 637, 506, 23, 815, 121, 327, 526, 418, 369, 766, 537, 489, 180, 275, 135, 562, 317, 66, 516, 437, 839, 431, 427, 708, 127, 595, 625, 507, 7, 544, 464, 487, 797, 207, 835, 529, 756, 569, 62, 589, 802, 588, 107, 623, 619, 469, 397, 561, 415, 172, 87, 664, 169, 675, 653, 558, 99, 355, 64, 311, 551, 720, 113, 138, 111, 328, 519, 818, 356, 126, 160, 683, 45, 804, 157, 252, 49, 137, 629, 596, 142, 443, 636, 809, 836, 578, 83, 466, 221, 679, 189, 249, 548, 640, 305, 299, 669, 635, 174, 484, 316, 136, 530, 301, 81, 796, 520, 96, 524, 735, 255, 405, 611, 721, 440, 737, 242, 37, 805, 302, 334, 3, 515, 638, 714, 188, 700, 689, 560, 209, 318, 422, 88, 486, 618, 233, 767, 348, 201, 773, 94, 161, 163, 28]
4 7 131
[702, 376, 10, 159, 678, 510, 329, 261, 662, 725, 378, 681, 403, 181, 282, 512, 481, 779, 95, 419, 101, 398, 563, 550, 314, 56, 342, 248, 410, 812, 782, 402, 831, 692, 17, 546, 848, 620, 473, 827, 433, 631, 531, 604, 166, 770, 772, 358, 149, 377, 459, 129, 343, 784, 705, 680, 429, 291, 543, 727, 225, 843, 97, 295, 744, 441, 462, 696, 297, 456, 573, 134, 250, 630, 655, 115, 30, 712, 55, 587, 337, 315, 326, 76, 292, 626, 754, 33, 566, 585, 241, 70, 19, 71, 778, 545, 48, 446, 760, 232, 491, 260, 637, 506, 23, 815, 121, 327, 526, 418, 369, 766, 537, 489, 180, 275, 135, 562, 317, 66, 516, 437, 839, 431, 427, 708, 127, 595, 625, 507, 7]
5 10 130
[702, 376, 10, 159, 678, 510, 329, 261, 662, 725, 378, 681, 403, 181, 282, 512, 481, 779, 95, 419, 101, 398, 563, 550, 314, 56, 342, 248, 410, 812, 782, 402, 831, 692, 17, 546, 848, 620, 473, 827, 433, 631, 531, 604, 166, 770, 772, 358, 149, 377, 459, 129, 343, 784, 705, 680, 429, 291, 543, 727, 225, 843, 97, 295, 744, 441, 462, 696, 297, 456, 573, 134, 250, 630, 655, 115, 30, 712, 55, 587, 337, 315, 326, 76, 292, 626, 754, 33, 566, 585, 241, 70, 19, 71, 778, 545, 48, 446, 760, 232, 491, 260, 637, 506, 23, 815, 121, 327, 526, 418, 369, 766, 537, 489, 180, 275, 135, 562, 317, 66, 516, 437, 839, 431, 427, 708, 127, 595, 625, 507]
6 10 129
[702, 376, 10, 159, 678, 510, 329, 261, 662, 725, 378, 681, 403, 181, 282, 512, 481, 779, 95, 419, 101, 398, 563, 550, 314, 56, 342, 248, 410, 812, 782, 402, 831, 692, 17, 546, 848, 620, 473, 827, 433, 631, 531, 604, 166, 770, 772, 358, 149, 377, 459, 129, 343, 784, 705, 680, 429, 291, 543, 727, 225, 843, 97, 295, 744, 441, 462, 696, 297, 456, 573, 134, 250, 630, 655, 115, 30, 712, 55, 587, 337, 315, 326, 76, 292, 626, 754, 33, 566, 585, 241, 70, 19, 71, 778, 545, 48, 446, 760, 232, 491, 260, 637, 506, 23, 815, 121, 327, 526, 418, 369, 766, 537, 489, 180, 275, 135, 562, 317, 66, 516, 437, 839, 431, 427, 708, 127, 595, 625]
7 10 128
[702, 376, 10, 159, 678, 510, 329, 261, 662, 725, 378, 681, 403, 181, 282, 512, 481, 779, 95, 419, 101, 398, 563, 550, 314, 56, 342, 248, 410, 812, 782, 402, 831, 692, 17, 546, 848, 620, 473, 827, 433, 631, 531, 604, 166, 770, 772, 358, 149, 377, 459, 129, 343, 784, 705, 680, 429, 291, 543, 727, 225, 843, 97, 295, 744, 441, 462, 696, 297, 456, 573, 134, 250, 630, 655, 115, 30, 712, 55, 587, 337, 315, 326, 76, 292, 626, 754, 33, 566, 585, 241, 70, 19, 71, 778, 545, 48, 446, 760, 232, 491, 260, 637, 506, 23, 815, 121, 327, 526, 418, 369, 766, 537, 489, 180, 275, 135, 562, 317, 66, 516, 437, 839, 431, 427, 708, 127, 595]
8 10 127
[702, 376, 10, 159, 678, 510, 329, 261, 662, 725, 378, 681, 403, 181, 282, 512, 481, 779, 95, 419, 101, 398, 563, 550, 314, 56, 342, 248, 410, 812, 782, 402, 831, 692, 17, 546, 848, 620, 473, 827, 433, 631, 531, 604, 166, 770, 772, 358, 149, 377, 459, 129, 343, 784, 705, 680, 429, 291, 543, 727, 225, 843, 97, 295, 744, 441, 462, 696, 297, 456, 573, 134, 250, 630, 655, 115, 30, 712, 55, 587, 337, 315, 326, 76, 292, 626, 754, 33, 566, 585, 241, 70, 19, 71, 778, 545, 48, 446, 760, 232, 491, 260, 637, 506, 23, 815, 121, 327, 526, 418, 369, 766, 537, 489, 180, 275, 135, 562, 317, 66, 516, 437, 839, 431, 427, 708, 127]
9 10 126
[702, 376, 10, 159, 678, 510, 329, 261, 662, 725, 378, 681, 403, 181, 282, 512, 481, 779, 95, 419, 101, 398, 563, 550, 314, 56, 342, 248, 410, 812, 782, 402, 831, 692, 17, 546, 848, 620, 473, 827, 433, 631, 531, 604, 166, 770, 772, 358, 149, 377, 459, 129, 343, 784, 705, 680, 429, 291, 543, 727, 225, 843, 97, 295, 744, 441, 462, 696, 297, 456, 573, 134, 250, 630, 655, 115, 30, 712, 55, 587, 337, 315, 326, 76, 292, 626, 754, 33, 566, 585, 241, 70, 19, 71, 778, 545, 48, 446, 760, 232, 491, 260, 637, 506, 23, 815, 121, 327, 526, 418, 369, 766, 537, 489, 180, 275, 135, 562, 317, 66, 516, 437, 839, 431, 427, 708]
10 10 125
[702, 376, 10, 159, 678, 510, 329, 261, 662, 725, 378, 681, 403, 181, 282, 512, 481, 779, 95, 419, 101, 398, 563, 550, 314, 56, 342, 248, 410, 812, 782, 402, 831, 692, 17, 546, 848, 620, 473, 827, 433, 631, 531, 604, 166, 770, 772, 358, 149, 377, 459, 129, 343, 784, 705, 680, 429, 291, 543, 727, 225, 843, 97, 295, 744, 441, 462, 696, 297, 456, 573, 134, 250, 630, 655, 115, 30, 712, 55, 587, 337, 315, 326, 76, 292, 626, 754, 33, 566, 585, 241, 70, 19, 71, 778, 545, 48, 446, 760, 232, 491, 260, 637, 506, 23, 815, 121, 327, 526, 418, 369, 766, 537, 489, 180, 275, 135, 562, 317, 66, 516, 437, 839, 431, 427]
11 10 124
[702, 376, 10, 159, 678, 510, 329, 261, 662, 725, 378, 681, 403, 181, 282, 512, 481, 779, 95, 419, 101, 398, 563, 550, 314, 56, 342, 248, 410, 812, 782, 402, 831, 692, 17, 546, 848, 620, 473, 827, 433, 631, 531, 604, 166, 770, 772, 358, 149, 377, 459, 129, 343, 784, 705, 680, 429, 291, 543, 727, 225, 843, 97, 295, 744, 441, 462, 696, 297, 456, 573, 134, 250, 630, 655, 115, 30, 712, 55, 587, 337, 315, 326, 76, 292, 626, 754, 33, 566, 585, 241, 70, 19, 71, 778, 545, 48, 446, 760, 232, 491, 260, 637, 506, 23, 815, 121, 327, 526, 418, 369, 766, 537, 489, 180, 275, 135, 562, 317, 66, 516, 437, 839, 431]
11 427 1
[427]
10 708 1
[708]
9 127 1
[127]
8 595 1
[595]
7 625 1
[625]
6 507 1
[507]
5 7 1
[7]
4 3 115
[544, 464, 487, 797, 207, 835, 529, 756, 569, 62, 589, 802, 588, 107, 623, 619, 469, 397, 561, 415, 172, 87, 664, 169, 675, 653, 558, 99, 355, 64, 311, 551, 720, 113, 138, 111, 328, 519, 818, 356, 126, 160, 683, 45, 804, 157, 252, 49, 137, 629, 596, 142, 443, 636, 809, 836, 578, 83, 466, 221, 679, 189, 249, 548, 640, 305, 299, 669, 635, 174, 484, 316, 136, 530, 301, 81, 796, 520, 96, 524, 735, 255, 405, 611, 721, 440, 737, 242, 37, 805, 302, 334, 3, 515, 638, 714, 188, 700, 689, 560, 209, 318, 422, 88, 486, 618, 233, 767, 348, 201, 773, 94, 161, 163, 28]
5 3 114
[544, 464, 487, 797, 207, 835, 529, 756, 569, 62, 589, 802, 588, 107, 623, 619, 469, 397, 561, 415, 172, 87, 664, 169, 675, 653, 558, 99, 355, 64, 311, 551, 720, 113, 138, 111, 328, 519, 818, 356, 126, 160, 683, 45, 804, 157, 252, 49, 137, 629, 596, 142, 443, 636, 809, 836, 578, 83, 466, 221, 679, 189, 249, 548, 640, 305, 299, 669, 635, 174, 484, 316, 136, 530, 301, 81, 796, 520, 96, 524, 735, 255, 405, 611, 721, 440, 737, 242, 37, 805, 302, 334, 3, 515, 638, 714, 188, 700, 689, 560, 209, 318, 422, 88, 486, 618, 233, 767, 348, 201, 773, 94, 161, 163]
6 3 113
[544, 464, 487, 797, 207, 835, 529, 756, 569, 62, 589, 802, 588, 107, 623, 619, 469, 397, 561, 415, 172, 87, 664, 169, 675, 653, 558, 99, 355, 64, 311, 551, 720, 113, 138, 111, 328, 519, 818, 356, 126, 160, 683, 45, 804, 157, 252, 49, 137, 629, 596, 142, 443, 636, 809, 836, 578, 83, 466, 221, 679, 189, 249, 548, 640, 305, 299, 669, 635, 174, 484, 316, 136, 530, 301, 81, 796, 520, 96, 524, 735, 255, 405, 611, 721, 440, 737, 242, 37, 805, 302, 334, 3, 515, 638, 714, 188, 700, 689, 560, 209, 318, 422, 88, 486, 618, 233, 767, 348, 201, 773, 94, 161]
7 3 112
[544, 464, 487, 797, 207, 835, 529, 756, 569, 62, 589, 802, 588, 107, 623, 619, 469, 397, 561, 415, 172, 87, 664, 169, 675, 653, 558, 99, 355, 64, 311, 551, 720, 113, 138, 111, 328, 519, 818, 356, 126, 160, 683, 45, 804, 157, 252, 49, 137, 629, 596, 142, 443, 636, 809, 836, 578, 83, 466, 221, 679, 189, 249, 548, 640, 305, 299, 669, 635, 174, 484, 316, 136, 530, 301, 81, 796, 520, 96, 524, 735, 255, 405, 611, 721, 440, 737, 242, 37, 805, 302, 334, 3, 515, 638, 714, 188, 700, 689, 560, 209, 318, 422, 88, 486, 618, 233, 767, 348, 201, 773, 94]
8 3 110
[544, 464, 487, 797, 207, 835, 529, 756, 569, 62, 589, 802, 588, 107, 623, 619, 469, 397, 561, 415, 172, 87, 664, 169, 675, 653, 558, 99, 355, 64, 311, 551, 720, 113, 138, 111, 328, 519, 818, 356, 126, 160, 683, 45, 804, 157, 252, 49, 137, 629, 596, 142, 443, 636, 809, 836, 578, 83, 466, 221, 679, 189, 249, 548, 640, 305, 299, 669, 635, 174, 484, 316, 136, 530, 301, 81, 796, 520, 96, 524, 735, 255, 405, 611, 721, 440, 737, 242, 37, 805, 302, 334, 3, 515, 638, 714, 188, 700, 689, 560, 209, 318, 422, 88, 486, 618, 233, 767, 348, 201]
9 3 109
[544, 464, 487, 797, 207, 835, 529, 756, 569, 62, 589, 802, 588, 107, 623, 619, 469, 397, 561, 415, 172, 87, 664, 169, 675, 653, 558, 99, 355, 64, 311, 551, 720, 113, 138, 111, 328, 519, 818, 356, 126, 160, 683, 45, 804, 157, 252, 49, 137, 629, 596, 142, 443, 636, 809, 836, 578, 83, 466, 221, 679, 189, 249, 548, 640, 305, 299, 669, 635, 174, 484, 316, 136, 530, 301, 81, 796, 520, 96, 524, 735, 255, 405, 611, 721, 440, 737, 242, 37, 805, 302, 334, 3, 515, 638, 714, 188, 700, 689, 560, 209, 318, 422, 88, 486, 618, 233, 767, 348]
10 3 108
[544, 464, 487, 797, 207, 835, 529, 756, 569, 62, 589, 802, 588, 107, 623, 619, 469, 397, 561, 415, 172, 87, 664, 169, 675, 653, 558, 99, 355, 64, 311, 551, 720, 113, 138, 111, 328, 519, 818, 356, 126, 160, 683, 45, 804, 157, 252, 49, 137, 629, 596, 142, 443, 636, 809, 836, 578, 83, 466, 221, 679, 189, 249, 548, 640, 305, 299, 669, 635, 174, 484, 316, 136, 530, 301, 81, 796, 520, 96, 524, 735, 255, 405, 611, 721, 440, 737, 242, 37, 805, 302, 334, 3, 515, 638, 714, 188, 700, 689, 560, 209, 318, 422, 88, 486, 618, 233, 767]
11 3 107
[544, 464, 487, 797, 207, 835, 529, 756, 569, 62, 589, 802, 588, 107, 623, 619, 469, 397, 561, 415, 172, 87, 664, 169, 675, 653, 558, 99, 355, 64, 311, 551, 720, 113, 138, 111, 328, 519, 818, 356, 126, 160, 683, 45, 804, 157, 252, 49, 137, 629, 596, 142, 443, 636, 809, 836, 578, 83, 466, 221, 679, 189, 249, 548, 640, 305, 299, 669, 635, 174, 484, 316, 136, 530, 301, 81, 796, 520, 96, 524, 735, 255, 405, 611, 721, 440, 737, 242, 37, 805, 302, 334, 3, 515, 638, 714, 188, 700, 689, 560, 209, 318, 422, 88, 486, 618, 233]
11 767 1
[767]
10 348 1
[348]
9 201 1
[201]
8 94 2
[773, 94]
9 773 1
[773]
9 94 1
[94]
7 161 1
[161]
6 163 1
[163]
5 28 1
[28]
2 14 161
[395, 407, 240, 514, 741, 367, 616, 508, 535, 736, 717, 144, 72, 206, 361, 612, 672, 366, 813, 52, 14, 214, 414, 380, 34, 257, 651, 806, 764, 333, 505, 499, 36, 799, 444, 830, 841, 428, 245, 335, 63, 657, 448, 671, 762, 246, 628, 434, 108, 148, 533, 406, 79, 313, 716, 845, 338, 632, 368, 227, 228, 420, 179, 823, 711, 488, 785, 191, 281, 373, 344, 244, 279, 210, 325, 123, 677, 29, 267, 162, 579, 540, 224, 788, 51, 542, 24, 746, 824, 308, 482, 715, 509, 703, 243, 602, 263, 216, 391, 272, 256, 384, 379, 386, 304, 167, 553, 816, 362, 844, 660, 453, 130, 183, 691, 828, 646, 178, 740, 501, 237, 396, 404, 758, 235, 42, 158, 106, 497, 523, 18, 78, 132, 340, 75, 656, 633, 706, 574, 400, 449, 513, 556, 286, 496, 608, 568, 570, 50, 467, 777, 394, 723, 833, 385, 580, 27, 495, 283, 425, 203]
3 14 160
[395, 407, 240, 514, 741, 367, 616, 508, 535, 736, 717, 144, 72, 206, 361, 612, 672, 366, 813, 52, 14, 214, 414, 380, 34, 257, 651, 806, 764, 333, 505, 499, 36, 799, 444, 830, 841, 428, 245, 335, 63, 657, 448, 671, 762, 246, 628, 434, 108, 148, 533, 406, 79, 313, 716, 845, 338, 632, 368, 227, 228, 420, 179, 823, 711, 488, 785, 191, 281, 373, 344, 244, 279, 210, 325, 123, 677, 29, 267, 162, 579, 540, 224, 788, 51, 542, 24, 746, 824, 308, 482, 715, 509, 703, 243, 602, 263, 216, 391, 272, 256, 384, 379, 386, 304, 167, 553, 816, 362, 844, 660, 453, 130, 183, 691, 828, 646, 178, 740, 501, 237, 396, 404, 758, 235, 42, 158, 106, 497, 523, 18, 78, 132, 340, 75, 656, 633, 706, 574, 400, 449, 513, 556, 286, 496, 608, 568, 570, 50, 467, 777, 394, 723, 833, 385, 580, 27, 495, 283, 425]
4 14 159
[395, 407, 240, 514, 741, 367, 616, 508, 535, 736, 717, 144, 72, 206, 361, 612, 672, 366, 813, 52, 14, 214, 414, 380, 34, 257, 651, 806, 764, 333, 505, 499, 36, 799, 444, 830, 841, 428, 245, 335, 63, 657, 448, 671, 762, 246, 628, 434, 108, 148, 533, 406, 79, 313, 716, 845, 338, 632, 368, 227, 228, 420, 179, 823, 711, 488, 785, 191, 281, 373, 344, 244, 279, 210, 325, 123, 677, 29, 267, 162, 579, 540, 224, 788, 51, 542, 24, 746, 824, 308, 482, 715, 509, 703, 243, 602, 263, 216, 391, 272, 256, 384, 379, 386, 304, 167, 553, 816, 362, 844, 660, 453, 130, 183, 691, 828, 646, 178, 740, 501, 237, 396, 404, 758, 235, 42, 158, 106, 497, 523, 18, 78, 132, 340, 75, 656, 633, 706, 574, 400, 449, 513, 556, 286, 496, 608, 568, 570, 50, 467, 777, 394, 723, 833, 385, 580, 27, 495, 283]
5 14 158
[395, 407, 240, 514, 741, 367, 616, 508, 535, 736, 717, 144, 72, 206, 361, 612, 672, 366, 813, 52, 14, 214, 414, 380, 34, 257, 651, 806, 764, 333, 505, 499, 36, 799, 444, 830, 841, 428, 245, 335, 63, 657, 448, 671, 762, 246, 628, 434, 108, 148, 533, 406, 79, 313, 716, 845, 338, 632, 368, 227, 228, 420, 179, 823, 711, 488, 785, 191, 281, 373, 344, 244, 279, 210, 325, 123, 677, 29, 267, 162, 579, 540, 224, 788, 51, 542, 24, 746, 824, 308, 482, 715, 509, 703, 243, 602, 263, 216, 391, 272, 256, 384, 379, 386, 304, 167, 553, 816, 362, 844, 660, 453, 130, 183, 691, 828, 646, 178, 740, 501, 237, 396, 404, 758, 235, 42, 158, 106, 497, 523, 18, 78, 132, 340, 75, 656, 633, 706, 574, 400, 449, 513, 556, 286, 496, 608, 568, 570, 50, 467, 777, 394, 723, 833, 385, 580, 27, 495]
6 14 157
[395, 407, 240, 514, 741, 367, 616, 508, 535, 736, 717, 144, 72, 206, 361, 612, 672, 366, 813, 52, 14, 214, 414, 380, 34, 257, 651, 806, 764, 333, 505, 499, 36, 799, 444, 830, 841, 428, 245, 335, 63, 657, 448, 671, 762, 246, 628, 434, 108, 148, 533, 406, 79, 313, 716, 845, 338, 632, 368, 227, 228, 420, 179, 823, 711, 488, 785, 191, 281, 373, 344, 244, 279, 210, 325, 123, 677, 29, 267, 162, 579, 540, 224, 788, 51, 542, 24, 746, 824, 308, 482, 715, 509, 703, 243, 602, 263, 216, 391, 272, 256, 384, 379, 386, 304, 167, 553, 816, 362, 844, 660, 453, 130, 183, 691, 828, 646, 178, 740, 501, 237, 396, 404, 758, 235, 42, 158, 106, 497, 523, 18, 78, 132, 340, 75, 656, 633, 706, 574, 400, 449, 513, 556, 286, 496, 608, 568, 570, 50, 467, 777, 394, 723, 833, 385, 580, 27]
7 14 155
[395, 407, 240, 514, 741, 367, 616, 508, 535, 736, 717, 144, 72, 206, 361, 612, 672, 366, 813, 52, 14, 214, 414, 380, 34, 257, 651, 806, 764, 333, 505, 499, 36, 799, 444, 830, 841, 428, 245, 335, 63, 657, 448, 671, 762, 246, 628, 434, 108, 148, 533, 406, 79, 313, 716, 845, 338, 632, 368, 227, 228, 420, 179, 823, 711, 488, 785, 191, 281, 373, 344, 244, 279, 210, 325, 123, 677, 29, 267, 162, 579, 540, 224, 788, 51, 542, 24, 746, 824, 308, 482, 715, 509, 703, 243, 602, 263, 216, 391, 272, 256, 384, 379, 386, 304, 167, 553, 816, 362, 844, 660, 453, 130, 183, 691, 828, 646, 178, 740, 501, 237, 396, 404, 758, 235, 42, 158, 106, 497, 523, 18, 78, 132, 340, 75, 656, 633, 706, 574, 400, 449, 513, 556, 286, 496, 608, 568, 570, 50, 467, 777, 394, 723, 833, 385]
8 14 154
[395, 407, 240, 514, 741, 367, 616, 508, 535, 736, 717, 144, 72, 206, 361, 612, 672, 366, 813, 52, 14, 214, 414, 380, 34, 257, 651, 806, 764, 333, 505, 499, 36, 799, 444, 830, 841, 428, 245, 335, 63, 657, 448, 671, 762, 246, 628, 434, 108, 148, 533, 406, 79, 313, 716, 845, 338, 632, 368, 227, 228, 420, 179, 823, 711, 488, 785, 191, 281, 373, 344, 244, 279, 210, 325, 123, 677, 29, 267, 162, 579, 540, 224, 788, 51, 542, 24, 746, 824, 308, 482, 715, 509, 703, 243, 602, 263, 216, 391, 272, 256, 384, 379, 386, 304, 167, 553, 816, 362, 844, 660, 453, 130, 183, 691, 828, 646, 178, 740, 501, 237, 396, 404, 758, 235, 42, 158, 106, 497, 523, 18, 78, 132, 340, 75, 656, 633, 706, 574, 400, 449, 513, 556, 286, 496, 608, 568, 570, 50, 467, 777, 394, 723, 833]
9 14 153
[395, 407, 240, 514, 741, 367, 616, 508, 535, 736, 717, 144, 72, 206, 361, 612, 672, 366, 813, 52, 14, 214, 414, 380, 34, 257, 651, 806, 764, 333, 505, 499, 36, 799, 444, 830, 841, 428, 245, 335, 63, 657, 448, 671, 762, 246, 628, 434, 108, 148, 533, 406, 79, 313, 716, 845, 338, 632, 368, 227, 228, 420, 179, 823, 711, 488, 785, 191, 281, 373, 344, 244, 279, 210, 325, 123, 677, 29, 267, 162, 579, 540, 224, 788, 51, 542, 24, 746, 824, 308, 482, 715, 509, 703, 243, 602, 263, 216, 391, 272, 256, 384, 379, 386, 304, 167, 553, 816, 362, 844, 660, 453, 130, 183, 691, 828, 646, 178, 740, 501, 237, 396, 404, 758, 235, 42, 158, 106, 497, 523, 18, 78, 132, 340, 75, 656, 633, 706, 574, 400, 449, 513, 556, 286, 496, 608, 568, 570, 50, 467, 777, 394, 723]
10 14 152
[395, 407, 240, 514, 741, 367, 616, 508, 535, 736, 717, 144, 72, 206, 361, 612, 672, 366, 813, 52, 14, 214, 414, 380, 34, 257, 651, 806, 764, 333, 505, 499, 36, 799, 444, 830, 841, 428, 245, 335, 63, 657, 448, 671, 762, 246, 628, 434, 108, 148, 533, 406, 79, 313, 716, 845, 338, 632, 368, 227, 228, 420, 179, 823, 711, 488, 785, 191, 281, 373, 344, 244, 279, 210, 325, 123, 677, 29, 267, 162, 579, 540, 224, 788, 51, 542, 24, 746, 824, 308, 482, 715, 509, 703, 243, 602, 263, 216, 391, 272, 256, 384, 379, 386, 304, 167, 553, 816, 362, 844, 660, 453, 130, 183, 691, 828, 646, 178, 740, 501, 237, 396, 404, 758, 235, 42, 158, 106, 497, 523, 18, 78, 132, 340, 75, 656, 633, 706, 574, 400, 449, 513, 556, 286, 496, 608, 568, 570, 50, 467, 777, 394]
11 14 151
[395, 407, 240, 514, 741, 367, 616, 508, 535, 736, 717, 144, 72, 206, 361, 612, 672, 366, 813, 52, 14, 214, 414, 380, 34, 257, 651, 806, 764, 333, 505, 499, 36, 799, 444, 830, 841, 428, 245, 335, 63, 657, 448, 671, 762, 246, 628, 434, 108, 148, 533, 406, 79, 313, 716, 845, 338, 632, 368, 227, 228, 420, 179, 823, 711, 488, 785, 191, 281, 373, 344, 244, 279, 210, 325, 123, 677, 29, 267, 162, 579, 540, 224, 788, 51, 542, 24, 746, 824, 308, 482, 715, 509, 703, 243, 602, 263, 216, 391, 272, 256, 384, 379, 386, 304, 167, 553, 816, 362, 844, 660, 453, 130, 183, 691, 828, 646, 178, 740, 501, 237, 396, 404, 758, 235, 42, 158, 106, 497, 523, 18, 78, 132, 340, 75, 656, 633, 706, 574, 400, 449, 513, 556, 286, 496, 608, 568, 570, 50, 467, 777]
11 394 1
[394]
10 723 1
[723]
9 833 1
[833]
8 385 1
[385]
7 27 2
[580, 27]
8 580 1
[580]
8 27 1
[27]
6 495 1
[495]
5 283 1
[283]
4 425 1
[425]
3 203 1
[203]
[1, 1, 1, 1, 1, 1, 1, 1, 1, 1, 1, 1, 1, 1, 1, 1, 1, 1, 1, 1, 1, 1, 1, 1, 1, 1, 1, 1, 1, 1, 1, 2, 1, 2, 1, 1, 1, 1, 1, 1, 1, 1, 1, 1, 1, 1, 1, 1, 1, 1, 1, 1, 1, 1, 2, 4, 3, 2, 1, 1, 1, 1, 4, 1, 2, 1, 3, 1, 2, 1, 1, 1, 1, 1, 1, 1, 1, 1, 1, 1, 1, 1, 4, 1, 1, 5, 6, 1, 6, 1, 1, 1, 1, 1, 1, 1, 1, 2, 1, 1, 1, 1, 1, 1, 1, 1, 2, 1, 5, 7, 1, 2, 1, 2, 1, 1, 3, 1, 1, 1, 1, 1, 1, 1, 1, 1, 3, 1, 2, 1, 2, 1, 1, 1, 1, 1, 1, 1, 1, 2, 1, 1, 1, 1, 1, 2, 1, 1, 1, 2, 1, 1, 1, 2, 1, 1, 1, 1, 1, 1, 1, 1, 1, 1, 1, 1, 2, 1, 1, 1, 1, 1, 1, 1, 2, 1, 1, 3, 7, 2, 1, 1, 1, 1, 1, 1, 1, 1, 3, 1, 1, 1, 1, 1, 3, 1, 2, 1, 1, 1, 2, 1, 1, 3, 6, 3, 1, 1, 1, 1, 3, 1, 1, 1, 1, 1, 5, 3, 1, 1, 1, 1, 1, 3, 1, 1, 1, 1, 1, 1, 1, 1, 1, 1, 1, 1, 2, 5, 1, 1, 2, 1, 1, 1, 3, 1, 1, 1, 1, 1, 1, 2, 4, 1, 3, 1, 1, 1, 1, 1, 2, 1, 1, 1, 1, 1, 1, 1, 2, 1, 1, 1, 1, 1, 1, 1, 1, 1, 1, 1, 2, 1, 1, 2, 4, 2, 3, 6, 3, 1, 2, 1, 3, 2, 1, 1, 3, 2, 1, 3, 1, 3, 2, 2, 1, 1, 1, 1, 1, 1, 1, 1, 1, 1, 2, 1, 1, 1, 1, 1, 3, 1, 2, 4, 2, 1, 1, 1, 1, 1, 1, 1, 1, 1, 1, 1, 3, 1, 1, 1, 1, 1, 2, 1, 1, 1, 1, 2, 1, 1, 3, 1, 2, 1, 4, 2, 1, 2, 2, 1, 1, 1, 1, 3, 1, 1, 2, 1, 1, 1, 1, 1, 1, 1, 1, 2, 1, 1, 1, 2, 1, 4, 1, 2, 1, 1, 3, 1, 1, 1, 1, 1, 4, 1, 3, 1, 2, 4, 1, 1, 1, 3, 1, 1, 2, 1, 1, 1, 1, 3, 2, 1, 2, 1, 1, 1, 2, 1, 1, 1, 3, 1, 1, 3, 1, 2, 1, 1, 1, 3, 1, 1, 1, 1, 1, 1, 1, 1, 1, 1, 1, 1, 1, 2, 1, 1, 1, 1, 1, 1, 1, 1, 4, 1, 1, 1, 1, 1, 2, 1, 3, 1, 1, 1, 1, 1, 1, 2, 1, 1, 1, 1, 2, 1, 3, 1, 1, 3, 1, 1, 1, 1, 2, 1, 2, 1, 1, 2, 2, 3, 1, 1, 1, 1, 1, 1, 1, 1, 1, 1, 2, 1, 1, 3, 1, 1, 1, 2, 1, 2, 1, 2, 1, 2, 1, 2, 1, 1, 2, 1, 2, 1, 1, 1, 2, 1, 1, 1, 1, 3, 1, 1, 1, 2, 1, 2, 1, 1, 1, 1, 1, 1, 1, 1, 1, 1, 2, 1, 1, 1, 1, 1, 1, 1, 1, 1, 1, 1, 3, 1, 1, 1, 1, 2, 1, 2, 1, 2, 2, 1, 1, 2, 1, 1, 1, 1, 2, 1, 1, 1, 1, 1, 1, 1, 1, 1, 1, 1, 1, 2, 1, 2, 1, 1, 2, 1, 1, 1, 2, 1, 1, 1, 1, 1, 1, 1, 1, 1, 1, 1, 1, 2, 1, 1, 1, 2, 1, 1, 1, 1, 4, 1, 1, 1, 1, 1, 1, 1, 1, 1, 1, 2, 1, 2, 1, 2, 1, 1, 2, 3, 1, 1, 1, 1, 1, 2, 1, 2, 1, 1, 1, 1, 1, 1, 1, 1, 1, 1, 1, 1, 1, 1, 1, 2, 1, 2, 1, 1, 1, 1, 1, 1, 1, 1, 2, 1, 1, 2, 1, 1, 1, 1, 1, 1, 1, 2, 1, 2, 1, 1, 2, 1, 1, 1, 1, 1, 1, 1, 1, 1, 2, 1, 1, 1, 1, 1, 3, 1, 1, 1, 1, 1, 1, 1, 1, 2, 1, 1, 1, 1, 1, 1, 1, 1, 1, 1, 3, 1, 2, 1, 2, 1, 1, 1, 1, 1, 2, 1, 1, 1, 1, 1, 1, 1, 2, 1, 1, 1, 1, 1, 1, 1, 1, 1, 1, 1, 1, 1, 1, 1, 1, 1, 1, 1, 1, 1, 2, 1, 1, 1, 1, 2, 1, 1, 1, 1, 1, 2, 1, 1, 1, 1, 1, 1, 1, 1, 1, 1, 1, 1, 2, 1, 1, 1, 1, 2, 1, 1, 1, 1, 1, 1, 1, 1, 1, 1, 1, 1, 1, 1, 1, 2, 1, 1, 1, 1, 1, 1, 2, 1, 1, 1, 1, 1, 1, 1, 1, 1, 1, 1, 1, 1, 1, 1, 1, 1, 1, 1, 1, 1, 1, 1, 1, 1, 121, 115, 181, 246, 161]